[credits.jpg]
moddate=2996a2b1b212cf01
width=600
height=81
text=2;136;8;Credits:;Calibri Light;0.077281,0.303845,0.299396,6.283185;v1,4278190080,4278190080,128.000000,1.000000,0.000000,1.000000,700,0,49152;;182;53;Ankit Bhatia,   Karshit Jaiswal,   Swapnil Shrivatava;Calibri Light;0.256004,0.360263,0.231637,6.283185;v1,4278190080,4278190080,128.000000,1.000000,0.000000,1.000000,700,0,49152;;
textactive=1
